-20
22
-11
11
0000000000000000000000000000000000000000000
0000000000000000000000000000000000000000000
0000000000000000000000000000000000000000000
0000000000000000000000000000000000000000000
0000000000000000000000000000000000000000000
0000000000000000000000000000000000000000000
0000000000000000000000000000000000000000000
0000000000000000000000000000000000000000000
0000000000000000000000000000000011000000000
0000000000000000000000000011111110000000000
0000000000001000000000000011111110000000000
0000000000000000000000000011111110000000000
0000000000000100000000000011111110000000000
0000000000000000000000000011111110000000000
0000000000000000000000000011111110000000000
0000000000000000000000000011111110000000000
0000000000000000000000000000000000000000000
0000000000000000000000000000000000000000000
0000000000000000000000000000000000000000000
0000000000000000000000000000000000000000000
0000000000000000000000000000000000000000000
0000000000000000000000000000000000000000000
0000000000000000000000000000000000000000000
